5267
9453
-9984
7426
4929
3381
-8411
-6951
8730
2242
9755
471
7965
7825
-6709
9596
-9837
-9074
-3007
5863
4055
401
8606
-8335
-4282
-4491
363
-9447
162
-6252
9916
-4571
-3078
9933
-3425
-8150
3313
-1836
-1380
5763
-5874
2096
-46
-4188
-80
3246
-4593
3804
7893
6121
-334
1947
-3479
-1729
7333
5960
7501
-2305
-9767
-2337
5165
-9851
6813
-7914
-6198
-6613
-6064
-9165
1551
6277
6598
5677
-1628
-3448
-8512
-7988
-6482
616
5816
-8590
457
-797
3358
-9302
7474
4411
6658
8696
-7894
6892
-3642
-9009
7041
-3109
-6923
-5437
278
734
-4602
-8172
-2990
-8005
-8775
5383
-1453
-3565
-8885
5786
-9229
6932
7197
1229
-3866
4275
1927
-2672
-1315
2306
-3977
4512
-803
6102
5503
-42
-7008
8580
4521
6991
3034
-6361
8819
-9956
-4366
-6235
9148
7903
3921
-9738
3688
4692
7194
4605
-4080
-2952
-1121
-8432
8098
-8715
3874
-5880
5797
-3209
-6057
5021
-9531
656
7321
8711
-2353
355
-7651
186
399
-2017
3951
3267
-394
-2129
3529
-6706
-7437
4444
-8381
2204
-4788
499
3772
-6691
1784
1366
1151
1301
-8123
5094
-3679
-7654
-4251
-6358
-8944
7117
3997
-6595
-2697
-1884
5110
-8747
-8618
-5285
2846
8632
1730
9130
3075
3350
5054
-7992
-2431
2547
-4683
9353
-6088
6468
4374
-489
5282
-9305
1857
-5248
-5663
2914
-8132
-7946
-9961
-829
3891
5149
4146
5273
9865
712
7625
1594
-159
4421
-1336
-1385
6429
6233
-8839
-8255
9306
-1205
-8066
3680
8306
7216
4375
162
-8033
-7568
-3204
-6164
-5514
-3164
6728
8377
-8016
873
7370
-8152
-8416
4994
7164
5146
-586
-4173
-6239
-437
-4219
-1357
1309
-4914
7438
6964
8766
5743
4179
3140
-374
9868
9293
6422
-2576
-6222
-6743
-5849
-4125
-1037
8746
-3035
4532
-5950
-4320
5416
9197
8815
-5036
-3322
-1622
745
5321
-6593
5831
2759
-9630
4597
2222
8270
1457
-8153
8137
750
-8010
-719
8249
-1032
7154
-2155
7931
5899
8531
2463
-6331
-5790
-2122
-7135
-3254
2842
3264
5124
-6414
-1415
-7749
-6862
-4936
-7379
-8545
-8994
-5389
2912
-7146
-3531
-2618
-1435
5750
-4369
7533
2903
7197
5464
2522
5727
1647
6192
-6342
9525
-7223
404
6088
6042
-752
-6606
-1653
1499
-3468
7132
7841
1708
8138
-3828
-5380
-5288
2641
2002
3277
-1609
-8647
4531
-4986
8550
-6
7537
7998
-4639
7449
-8345
-1394
-9775
2059
-5307
9988
-4973
1809
2055
6526
-7939
-814
8087
3770
1045
-5742
8390
5757
6900
4112
2755
-989
9187
-2715
4025
7736
-9001
5282
5733
-3640
2730
7388
8687
6677
3167
-6620
6664
8194
8910
-1281
8440
-9030
-8375
6526
4740
2670
-5495
6850
2148
-4875
4683
-1377
4136
3869
9629
-1840
5325
-9373
-6558
4779
708
9893
5887
3115
6569
-946
-9785
3233
968
9125
-4328
-592
-6184
1018
-346
-7724
-2591
7880
9127
-6723
-6996
7530
1900
7140
5119
1528
-979
443
5876
6184
-1058
304
6076
-5171
-6582
2645
7604
-6366
-402
-1429
-7242
8991
-8301
-3426
8
5075
2572
7417
2954
5419
-9307
9680
2948
6314
-9461
1787
-2159
3281
-4050
-2563
-536
4893
7741
-739
9722
-8841
-8095
-8955
-1486
5224
3337
4993
4214
5037
-4712
-5779
3832
7860
-4641
506
3278
-227
185
-3775
-192
4446
-8268
7649
-2274
-2318
-1193
7191
-7426
-3453
-3549
-3984
1427
2077
-2939
-6339
-2700
-9602
8655
-8487
9156
-6058
-545
2987
-4478
8535
-6508
8800
-1692
7399
-1255
8116
1844
477
9485
-6710
8159
-1709
-9520
-9267
8560
652
-3251
3707
-3551
7532
7369
3749
7930
9744
8983
-9195
-6315
2159
3792
-793
693
-8996
1727
-7279
-7877
-9529
-5443
7688
948
-2237
-9022
2827
9775
-4821
3560
8334
5832
-5970
5762
-3999
-8439
3130
-6529
-6789
2873
-3826
-5984
-9722
8333
-8472
3206
-974
-3747
-5068
5468
-1623
-876
-9975
-3936
-9929
1509
-2958
2898
1283
2222
179
3338
1774
7930
-901
-8505
9491
-4051
-5034
-3578
-7458
1141
4159
-7180
-527
5687
9747
-7781
-4340
-5322
-8592
4037
3802
-4846
-6178
7594
6663
4585
4212
-2055
527
-5610
-8718
-3979
-3960
381
-2483
-4470
6330
6204
5673
8872
-2656
-169
-4588
-9462
-762
-4842
-3522
4899
3557
-2114
2656
-2642
3040
-9802
-1328
3423
4784
-7116
-8632
-969
995
-7350
5053
7036
6753
-3710
-3714
6803
-7507
-8041
9396
-162
5511
-5193
4097
-5251
3687
-5705
-6632
-2757
5903
9745
4602
2663
9944
-3006
-3914
4727
-122
-2546
-6243
-9127
3825
-7470
-8371
577
-1180
-2085
-2620
1314
-126
-3225
-5128
-894
5303
-7311
7576
-1011
-3016
-9057
6233
-7114
-9313
4555
5550
-9370
-8452
-8365
9078
5148
-911
-3444
9742
-3366
-914
-8630
7212
7907
-71